0000000000000000000000000000
0000000000000000000000000000
0000011111000000000000000000
0000111111110000000000000000
0001111111111000000000000000
0000111111111100000000000000
0000000001111100000000000000
0000000000111100000000000000
0000000000111100000000000000
0000000000111100000000000000
0000000000111100000000000000
0000001111111100000000000000
0000111111111100000000000000
0001111111111000000000000000
0011111111100000000000000000
0001111111100000000000000000
0000111111111000000000000000
0000001111111110000000000000
0000000001111111000000000000
0000000000011111100000000000
0000000000000111110000000000
0000000000000111110000000000
0000000000000011110000000000
0000000000000011110000000000
0000000000000011110000000000
0000000000001111110000000000
0000000000011111110000000000
0000000000111111110000000000
