0000000000000000000000000000
0000000000000000000000000000
0000000001111000000000000000
0000000111111110000000000000
0000001111111111000000000000
0000011111111111000000000000
0000011111001111000000000000
0000011110000011100000000000
0000011110000111100000000000
0000011110000111100000000000
0000011111000111100000000000
0000011111100111100000000000
0000001111111111100000000000
0000000111111111100000000000
0000000011111111100000000000
0000000011111111000000000000
0000000111111111100000000000
0000001111111111100000000000
0000011111100111100000000000
0000011111000111100000000000
0000011110000111100000000000
0000111110001111100000000000
0000111110001111100000000000
0000011111001111000000000000
0000011111111111000000000000
0000001111111111000000000000
0000000111111111000000000000
0000000011111111000000000000
