0000000000000000000000000000
0000000000000000000000000000
0000000111111110000000000000
0000001111111111111000000000
0000011111111111111000000000
0000111111111111111000000000
0001111110000001111000000000
0001111100000001111000000000
0001111000000001111000000000
0001111000000001111000000000
0001111000000001111000000000
0001111100000011111000000000
0000111100000011111000000000
0000111110000111111000000000
0000011111111111111000000000
0000011111111111111000000000
0000001111111111111000000000
0000000111111111111000000000
0000000000000001111000000000
0000000000000001111000000000
0000000000000001111000000000
0000000000000001111000000000
0000000000000001111000000000
0000000000000001111000000000
0000000000000001111000000000
0000000000000001111000000000
0000000000000001111000000000
0000000000000001111000000000